/*--------------------------------*- C++ -*----------------------------------*\
| =========                 |                                                 |
| \\      /  F ield         | OpenFOAM: The Open Source CFD Toolbox           |
|  \\    /   O peration     | Version:  2412                                  |
|   \\  /    A nd           | Website:  www.openfoam.com                      |
|    \\/     M anipulation  |                                                 |
\*---------------------------------------------------------------------------*/
FoamFile
{
    version     2.0;
    format      ascii;
    arch        "LSB;label=32;scalar=64";
    class       vectorField;
    location    "constant/fluid/polyMesh";
    object      points;
}
// * * * * * * * * * * * * * * * * * * * * * * * * * * * * * * * * * * * * * //


1604
(
(0 -0.01 -0.01)
(0.0025 -0.01 -0.01)
(0.005 -0.01 -0.01)
(0.0075 -0.01 -0.01)
(0.01 -0.01 -0.01)
(0.0125 -0.01 -0.01)
(0.015 -0.01 -0.01)
(0.0175 -0.01 -0.01)
(0.02 -0.01 -0.01)
(0.0225 -0.01 -0.01)
(0.025 -0.01 -0.01)
(0.0275 -0.01 -0.01)
(0.03 -0.01 -0.01)
(0.0325 -0.01 -0.01)
(0.035 -0.01 -0.01)
(0.0375 -0.01 -0.01)
(0.04 -0.01 -0.01)
(0.0425 -0.01 -0.01)
(0.045 -0.01 -0.01)
(0.0475 -0.01 -0.01)
(0.05 -0.01 -0.01)
(0.0525 -0.01 -0.01)
(0.055 -0.01 -0.01)
(0.0575 -0.01 -0.01)
(0.06 -0.01 -0.01)
(0.0625 -0.01 -0.01)
(0.065 -0.01 -0.01)
(0.0675 -0.01 -0.01)
(0.07 -0.01 -0.01)
(0.0725 -0.01 -0.01)
(0.075 -0.01 -0.01)
(0.0775 -0.01 -0.01)
(0.08 -0.01 -0.01)
(0.0825 -0.01 -0.01)
(0.085 -0.01 -0.01)
(0.0875 -0.01 -0.01)
(0.09 -0.01 -0.01)
(0.0925 -0.01 -0.01)
(0.095 -0.01 -0.01)
(0.0975 -0.01 -0.01)
(0.1 -0.01 -0.01)
(0.1025 -0.01 -0.01)
(0.105 -0.01 -0.01)
(0.1075 -0.01 -0.01)
(0.11 -0.01 -0.01)
(0.1125 -0.01 -0.01)
(0.115 -0.01 -0.01)
(0.1175 -0.01 -0.01)
(0.12 -0.01 -0.01)
(0.1225 -0.01 -0.01)
(0.125 -0.01 -0.01)
(0.1275 -0.01 -0.01)
(0.13 -0.01 -0.01)
(0.1325 -0.01 -0.01)
(0.135 -0.01 -0.01)
(0.1375 -0.01 -0.01)
(0.14 -0.01 -0.01)
(0.1425 -0.01 -0.01)
(0.145 -0.01 -0.01)
(0.1475 -0.01 -0.01)
(0.15 -0.01 -0.01)
(0.1525 -0.01 -0.01)
(0.155 -0.01 -0.01)
(0.1575 -0.01 -0.01)
(0.16 -0.01 -0.01)
(0.1625 -0.01 -0.01)
(0.165 -0.01 -0.01)
(0.1675 -0.01 -0.01)
(0.17 -0.01 -0.01)
(0.1725 -0.01 -0.01)
(0.175 -0.01 -0.01)
(0.1775 -0.01 -0.01)
(0.18 -0.01 -0.01)
(0.1825 -0.01 -0.01)
(0.185 -0.01 -0.01)
(0.1875 -0.01 -0.01)
(0.19 -0.01 -0.01)
(0.1925 -0.01 -0.01)
(0.195 -0.01 -0.01)
(0.1975 -0.01 -0.01)
(0.2 -0.01 -0.01)
(0.2025 -0.01 -0.01)
(0.205 -0.01 -0.01)
(0.2075 -0.01 -0.01)
(0.21 -0.01 -0.01)
(0.2125 -0.01 -0.01)
(0.215 -0.01 -0.01)
(0.2175 -0.01 -0.01)
(0.22 -0.01 -0.01)
(0.2225 -0.01 -0.01)
(0.225 -0.01 -0.01)
(0.2275 -0.01 -0.01)
(0.23 -0.01 -0.01)
(0.2325 -0.01 -0.01)
(0.235 -0.01 -0.01)
(0.2375 -0.01 -0.01)
(0.24 -0.01 -0.01)
(0.2425 -0.01 -0.01)
(0.245 -0.01 -0.01)
(0.2475 -0.01 -0.01)
(0.25 -0.01 -0.01)
(0.2525 -0.01 -0.01)
(0.255 -0.01 -0.01)
(0.2575 -0.01 -0.01)
(0.26 -0.01 -0.01)
(0.2625 -0.01 -0.01)
(0.265 -0.01 -0.01)
(0.2675 -0.01 -0.01)
(0.27 -0.01 -0.01)
(0.2725 -0.01 -0.01)
(0.275 -0.01 -0.01)
(0.2775 -0.01 -0.01)
(0.28 -0.01 -0.01)
(0.2825 -0.01 -0.01)
(0.285 -0.01 -0.01)
(0.2875 -0.01 -0.01)
(0.29 -0.01 -0.01)
(0.2925 -0.01 -0.01)
(0.295 -0.01 -0.01)
(0.2975 -0.01 -0.01)
(0.3 -0.01 -0.01)
(0.3025 -0.01 -0.01)
(0.305 -0.01 -0.01)
(0.3075 -0.01 -0.01)
(0.31 -0.01 -0.01)
(0.3125 -0.01 -0.01)
(0.315 -0.01 -0.01)
(0.3175 -0.01 -0.01)
(0.32 -0.01 -0.01)
(0.3225 -0.01 -0.01)
(0.325 -0.01 -0.01)
(0.3275 -0.01 -0.01)
(0.33 -0.01 -0.01)
(0.3325 -0.01 -0.01)
(0.335 -0.01 -0.01)
(0.3375 -0.01 -0.01)
(0.34 -0.01 -0.01)
(0.3425 -0.01 -0.01)
(0.345 -0.01 -0.01)
(0.3475 -0.01 -0.01)
(0.35 -0.01 -0.01)
(0.3525 -0.01 -0.01)
(0.355 -0.01 -0.01)
(0.3575 -0.01 -0.01)
(0.36 -0.01 -0.01)
(0.3625 -0.01 -0.01)
(0.365 -0.01 -0.01)
(0.3675 -0.01 -0.01)
(0.37 -0.01 -0.01)
(0.3725 -0.01 -0.01)
(0.375 -0.01 -0.01)
(0.3775 -0.01 -0.01)
(0.38 -0.01 -0.01)
(0.3825 -0.01 -0.01)
(0.385 -0.01 -0.01)
(0.3875 -0.01 -0.01)
(0.39 -0.01 -0.01)
(0.3925 -0.01 -0.01)
(0.395 -0.01 -0.01)
(0.3975 -0.01 -0.01)
(0.4 -0.01 -0.01)
(0.4025 -0.01 -0.01)
(0.405 -0.01 -0.01)
(0.4075 -0.01 -0.01)
(0.41 -0.01 -0.01)
(0.4125 -0.01 -0.01)
(0.415 -0.01 -0.01)
(0.4175 -0.01 -0.01)
(0.42 -0.01 -0.01)
(0.4225 -0.01 -0.01)
(0.425 -0.01 -0.01)
(0.4275 -0.01 -0.01)
(0.43 -0.01 -0.01)
(0.4325 -0.01 -0.01)
(0.435 -0.01 -0.01)
(0.4375 -0.01 -0.01)
(0.44 -0.01 -0.01)
(0.4425 -0.01 -0.01)
(0.445 -0.01 -0.01)
(0.4475 -0.01 -0.01)
(0.45 -0.01 -0.01)
(0.4525 -0.01 -0.01)
(0.455 -0.01 -0.01)
(0.4575 -0.01 -0.01)
(0.46 -0.01 -0.01)
(0.4625 -0.01 -0.01)
(0.465 -0.01 -0.01)
(0.4675 -0.01 -0.01)
(0.47 -0.01 -0.01)
(0.4725 -0.01 -0.01)
(0.475 -0.01 -0.01)
(0.4775 -0.01 -0.01)
(0.48 -0.01 -0.01)
(0.4825 -0.01 -0.01)
(0.485 -0.01 -0.01)
(0.4875 -0.01 -0.01)
(0.49 -0.01 -0.01)
(0.4925 -0.01 -0.01)
(0.495 -0.01 -0.01)
(0.4975 -0.01 -0.01)
(0.5 -0.01 -0.01)
(0.5025 -0.01 -0.01)
(0.505 -0.01 -0.01)
(0.5075 -0.01 -0.01)
(0.51 -0.01 -0.01)
(0.5125 -0.01 -0.01)
(0.515 -0.01 -0.01)
(0.5175 -0.01 -0.01)
(0.52 -0.01 -0.01)
(0.5225 -0.01 -0.01)
(0.525 -0.01 -0.01)
(0.5275 -0.01 -0.01)
(0.53 -0.01 -0.01)
(0.5325 -0.01 -0.01)
(0.535 -0.01 -0.01)
(0.5375 -0.01 -0.01)
(0.54 -0.01 -0.01)
(0.5425 -0.01 -0.01)
(0.545 -0.01 -0.01)
(0.5475 -0.01 -0.01)
(0.55 -0.01 -0.01)
(0.5525 -0.01 -0.01)
(0.555 -0.01 -0.01)
(0.5575 -0.01 -0.01)
(0.56 -0.01 -0.01)
(0.5625 -0.01 -0.01)
(0.565 -0.01 -0.01)
(0.5675 -0.01 -0.01)
(0.57 -0.01 -0.01)
(0.5725 -0.01 -0.01)
(0.575 -0.01 -0.01)
(0.5775 -0.01 -0.01)
(0.58 -0.01 -0.01)
(0.5825 -0.01 -0.01)
(0.585 -0.01 -0.01)
(0.5875 -0.01 -0.01)
(0.59 -0.01 -0.01)
(0.5925 -0.01 -0.01)
(0.595 -0.01 -0.01)
(0.5975 -0.01 -0.01)
(0.6 -0.01 -0.01)
(0.6025 -0.01 -0.01)
(0.605 -0.01 -0.01)
(0.6075 -0.01 -0.01)
(0.61 -0.01 -0.01)
(0.6125 -0.01 -0.01)
(0.615 -0.01 -0.01)
(0.6175 -0.01 -0.01)
(0.62 -0.01 -0.01)
(0.6225 -0.01 -0.01)
(0.625 -0.01 -0.01)
(0.6275 -0.01 -0.01)
(0.63 -0.01 -0.01)
(0.6325 -0.01 -0.01)
(0.635 -0.01 -0.01)
(0.6375 -0.01 -0.01)
(0.64 -0.01 -0.01)
(0.6425 -0.01 -0.01)
(0.645 -0.01 -0.01)
(0.6475 -0.01 -0.01)
(0.65 -0.01 -0.01)
(0.6525 -0.01 -0.01)
(0.655 -0.01 -0.01)
(0.6575 -0.01 -0.01)
(0.66 -0.01 -0.01)
(0.6625 -0.01 -0.01)
(0.665 -0.01 -0.01)
(0.6675 -0.01 -0.01)
(0.67 -0.01 -0.01)
(0.6725 -0.01 -0.01)
(0.675 -0.01 -0.01)
(0.6775 -0.01 -0.01)
(0.68 -0.01 -0.01)
(0.6825 -0.01 -0.01)
(0.685 -0.01 -0.01)
(0.6875 -0.01 -0.01)
(0.69 -0.01 -0.01)
(0.6925 -0.01 -0.01)
(0.695 -0.01 -0.01)
(0.6975 -0.01 -0.01)
(0.7 -0.01 -0.01)
(0.7025 -0.01 -0.01)
(0.705 -0.01 -0.01)
(0.7075 -0.01 -0.01)
(0.71 -0.01 -0.01)
(0.7125 -0.01 -0.01)
(0.715 -0.01 -0.01)
(0.7175 -0.01 -0.01)
(0.72 -0.01 -0.01)
(0.7225 -0.01 -0.01)
(0.725 -0.01 -0.01)
(0.7275 -0.01 -0.01)
(0.73 -0.01 -0.01)
(0.7325 -0.01 -0.01)
(0.735 -0.01 -0.01)
(0.7375 -0.01 -0.01)
(0.74 -0.01 -0.01)
(0.7425 -0.01 -0.01)
(0.745 -0.01 -0.01)
(0.7475 -0.01 -0.01)
(0.75 -0.01 -0.01)
(0.7525 -0.01 -0.01)
(0.755 -0.01 -0.01)
(0.7575 -0.01 -0.01)
(0.76 -0.01 -0.01)
(0.7625 -0.01 -0.01)
(0.765 -0.01 -0.01)
(0.7675 -0.01 -0.01)
(0.77 -0.01 -0.01)
(0.7725 -0.01 -0.01)
(0.775 -0.01 -0.01)
(0.7775 -0.01 -0.01)
(0.78 -0.01 -0.01)
(0.7825 -0.01 -0.01)
(0.785 -0.01 -0.01)
(0.7875 -0.01 -0.01)
(0.79 -0.01 -0.01)
(0.7925 -0.01 -0.01)
(0.795 -0.01 -0.01)
(0.7975 -0.01 -0.01)
(0.8 -0.01 -0.01)
(0.8025 -0.01 -0.01)
(0.805 -0.01 -0.01)
(0.8075 -0.01 -0.01)
(0.81 -0.01 -0.01)
(0.8125 -0.01 -0.01)
(0.815 -0.01 -0.01)
(0.8175 -0.01 -0.01)
(0.82 -0.01 -0.01)
(0.8225 -0.01 -0.01)
(0.825 -0.01 -0.01)
(0.8275 -0.01 -0.01)
(0.83 -0.01 -0.01)
(0.8325 -0.01 -0.01)
(0.835 -0.01 -0.01)
(0.8375 -0.01 -0.01)
(0.84 -0.01 -0.01)
(0.8425 -0.01 -0.01)
(0.845 -0.01 -0.01)
(0.8475 -0.01 -0.01)
(0.85 -0.01 -0.01)
(0.8525 -0.01 -0.01)
(0.855 -0.01 -0.01)
(0.8575 -0.01 -0.01)
(0.86 -0.01 -0.01)
(0.8625 -0.01 -0.01)
(0.865 -0.01 -0.01)
(0.8675 -0.01 -0.01)
(0.87 -0.01 -0.01)
(0.8725 -0.01 -0.01)
(0.875 -0.01 -0.01)
(0.8775 -0.01 -0.01)
(0.88 -0.01 -0.01)
(0.8825 -0.01 -0.01)
(0.885 -0.01 -0.01)
(0.8875 -0.01 -0.01)
(0.89 -0.01 -0.01)
(0.8925 -0.01 -0.01)
(0.895 -0.01 -0.01)
(0.8975 -0.01 -0.01)
(0.9 -0.01 -0.01)
(0.9025 -0.01 -0.01)
(0.905 -0.01 -0.01)
(0.9075 -0.01 -0.01)
(0.91 -0.01 -0.01)
(0.9125 -0.01 -0.01)
(0.915 -0.01 -0.01)
(0.9175 -0.01 -0.01)
(0.92 -0.01 -0.01)
(0.9225 -0.01 -0.01)
(0.925 -0.01 -0.01)
(0.9275 -0.01 -0.01)
(0.93 -0.01 -0.01)
(0.9325 -0.01 -0.01)
(0.935 -0.01 -0.01)
(0.9375 -0.01 -0.01)
(0.94 -0.01 -0.01)
(0.9425 -0.01 -0.01)
(0.945 -0.01 -0.01)
(0.9475 -0.01 -0.01)
(0.95 -0.01 -0.01)
(0.9525 -0.01 -0.01)
(0.955 -0.01 -0.01)
(0.9575 -0.01 -0.01)
(0.96 -0.01 -0.01)
(0.9625 -0.01 -0.01)
(0.965 -0.01 -0.01)
(0.9675 -0.01 -0.01)
(0.97 -0.01 -0.01)
(0.9725 -0.01 -0.01)
(0.975 -0.01 -0.01)
(0.9775 -0.01 -0.01)
(0.98 -0.01 -0.01)
(0.9825 -0.01 -0.01)
(0.985 -0.01 -0.01)
(0.9875 -0.01 -0.01)
(0.99 -0.01 -0.01)
(0.9925 -0.01 -0.01)
(0.995 -0.01 -0.01)
(0.9975 -0.01 -0.01)
(1 -0.01 -0.01)
(0 0.01 -0.01)
(0.0025 0.01 -0.01)
(0.005 0.01 -0.01)
(0.0075 0.01 -0.01)
(0.01 0.01 -0.01)
(0.0125 0.01 -0.01)
(0.015 0.01 -0.01)
(0.0175 0.01 -0.01)
(0.02 0.01 -0.01)
(0.0225 0.01 -0.01)
(0.025 0.01 -0.01)
(0.0275 0.01 -0.01)
(0.03 0.01 -0.01)
(0.0325 0.01 -0.01)
(0.035 0.01 -0.01)
(0.0375 0.01 -0.01)
(0.04 0.01 -0.01)
(0.0425 0.01 -0.01)
(0.045 0.01 -0.01)
(0.0475 0.01 -0.01)
(0.05 0.01 -0.01)
(0.0525 0.01 -0.01)
(0.055 0.01 -0.01)
(0.0575 0.01 -0.01)
(0.06 0.01 -0.01)
(0.0625 0.01 -0.01)
(0.065 0.01 -0.01)
(0.0675 0.01 -0.01)
(0.07 0.01 -0.01)
(0.0725 0.01 -0.01)
(0.075 0.01 -0.01)
(0.0775 0.01 -0.01)
(0.08 0.01 -0.01)
(0.0825 0.01 -0.01)
(0.085 0.01 -0.01)
(0.0875 0.01 -0.01)
(0.09 0.01 -0.01)
(0.0925 0.01 -0.01)
(0.095 0.01 -0.01)
(0.0975 0.01 -0.01)
(0.1 0.01 -0.01)
(0.1025 0.01 -0.01)
(0.105 0.01 -0.01)
(0.1075 0.01 -0.01)
(0.11 0.01 -0.01)
(0.1125 0.01 -0.01)
(0.115 0.01 -0.01)
(0.1175 0.01 -0.01)
(0.12 0.01 -0.01)
(0.1225 0.01 -0.01)
(0.125 0.01 -0.01)
(0.1275 0.01 -0.01)
(0.13 0.01 -0.01)
(0.1325 0.01 -0.01)
(0.135 0.01 -0.01)
(0.1375 0.01 -0.01)
(0.14 0.01 -0.01)
(0.1425 0.01 -0.01)
(0.145 0.01 -0.01)
(0.1475 0.01 -0.01)
(0.15 0.01 -0.01)
(0.1525 0.01 -0.01)
(0.155 0.01 -0.01)
(0.1575 0.01 -0.01)
(0.16 0.01 -0.01)
(0.1625 0.01 -0.01)
(0.165 0.01 -0.01)
(0.1675 0.01 -0.01)
(0.17 0.01 -0.01)
(0.1725 0.01 -0.01)
(0.175 0.01 -0.01)
(0.1775 0.01 -0.01)
(0.18 0.01 -0.01)
(0.1825 0.01 -0.01)
(0.185 0.01 -0.01)
(0.1875 0.01 -0.01)
(0.19 0.01 -0.01)
(0.1925 0.01 -0.01)
(0.195 0.01 -0.01)
(0.1975 0.01 -0.01)
(0.2 0.01 -0.01)
(0.2025 0.01 -0.01)
(0.205 0.01 -0.01)
(0.2075 0.01 -0.01)
(0.21 0.01 -0.01)
(0.2125 0.01 -0.01)
(0.215 0.01 -0.01)
(0.2175 0.01 -0.01)
(0.22 0.01 -0.01)
(0.2225 0.01 -0.01)
(0.225 0.01 -0.01)
(0.2275 0.01 -0.01)
(0.23 0.01 -0.01)
(0.2325 0.01 -0.01)
(0.235 0.01 -0.01)
(0.2375 0.01 -0.01)
(0.24 0.01 -0.01)
(0.2425 0.01 -0.01)
(0.245 0.01 -0.01)
(0.2475 0.01 -0.01)
(0.25 0.01 -0.01)
(0.2525 0.01 -0.01)
(0.255 0.01 -0.01)
(0.2575 0.01 -0.01)
(0.26 0.01 -0.01)
(0.2625 0.01 -0.01)
(0.265 0.01 -0.01)
(0.2675 0.01 -0.01)
(0.27 0.01 -0.01)
(0.2725 0.01 -0.01)
(0.275 0.01 -0.01)
(0.2775 0.01 -0.01)
(0.28 0.01 -0.01)
(0.2825 0.01 -0.01)
(0.285 0.01 -0.01)
(0.2875 0.01 -0.01)
(0.29 0.01 -0.01)
(0.2925 0.01 -0.01)
(0.295 0.01 -0.01)
(0.2975 0.01 -0.01)
(0.3 0.01 -0.01)
(0.3025 0.01 -0.01)
(0.305 0.01 -0.01)
(0.3075 0.01 -0.01)
(0.31 0.01 -0.01)
(0.3125 0.01 -0.01)
(0.315 0.01 -0.01)
(0.3175 0.01 -0.01)
(0.32 0.01 -0.01)
(0.3225 0.01 -0.01)
(0.325 0.01 -0.01)
(0.3275 0.01 -0.01)
(0.33 0.01 -0.01)
(0.3325 0.01 -0.01)
(0.335 0.01 -0.01)
(0.3375 0.01 -0.01)
(0.34 0.01 -0.01)
(0.3425 0.01 -0.01)
(0.345 0.01 -0.01)
(0.3475 0.01 -0.01)
(0.35 0.01 -0.01)
(0.3525 0.01 -0.01)
(0.355 0.01 -0.01)
(0.3575 0.01 -0.01)
(0.36 0.01 -0.01)
(0.3625 0.01 -0.01)
(0.365 0.01 -0.01)
(0.3675 0.01 -0.01)
(0.37 0.01 -0.01)
(0.3725 0.01 -0.01)
(0.375 0.01 -0.01)
(0.3775 0.01 -0.01)
(0.38 0.01 -0.01)
(0.3825 0.01 -0.01)
(0.385 0.01 -0.01)
(0.3875 0.01 -0.01)
(0.39 0.01 -0.01)
(0.3925 0.01 -0.01)
(0.395 0.01 -0.01)
(0.3975 0.01 -0.01)
(0.4 0.01 -0.01)
(0.4025 0.01 -0.01)
(0.405 0.01 -0.01)
(0.4075 0.01 -0.01)
(0.41 0.01 -0.01)
(0.4125 0.01 -0.01)
(0.415 0.01 -0.01)
(0.4175 0.01 -0.01)
(0.42 0.01 -0.01)
(0.4225 0.01 -0.01)
(0.425 0.01 -0.01)
(0.4275 0.01 -0.01)
(0.43 0.01 -0.01)
(0.4325 0.01 -0.01)
(0.435 0.01 -0.01)
(0.4375 0.01 -0.01)
(0.44 0.01 -0.01)
(0.4425 0.01 -0.01)
(0.445 0.01 -0.01)
(0.4475 0.01 -0.01)
(0.45 0.01 -0.01)
(0.4525 0.01 -0.01)
(0.455 0.01 -0.01)
(0.4575 0.01 -0.01)
(0.46 0.01 -0.01)
(0.4625 0.01 -0.01)
(0.465 0.01 -0.01)
(0.4675 0.01 -0.01)
(0.47 0.01 -0.01)
(0.4725 0.01 -0.01)
(0.475 0.01 -0.01)
(0.4775 0.01 -0.01)
(0.48 0.01 -0.01)
(0.4825 0.01 -0.01)
(0.485 0.01 -0.01)
(0.4875 0.01 -0.01)
(0.49 0.01 -0.01)
(0.4925 0.01 -0.01)
(0.495 0.01 -0.01)
(0.4975 0.01 -0.01)
(0.5 0.01 -0.01)
(0.5025 0.01 -0.01)
(0.505 0.01 -0.01)
(0.5075 0.01 -0.01)
(0.51 0.01 -0.01)
(0.5125 0.01 -0.01)
(0.515 0.01 -0.01)
(0.5175 0.01 -0.01)
(0.52 0.01 -0.01)
(0.5225 0.01 -0.01)
(0.525 0.01 -0.01)
(0.5275 0.01 -0.01)
(0.53 0.01 -0.01)
(0.5325 0.01 -0.01)
(0.535 0.01 -0.01)
(0.5375 0.01 -0.01)
(0.54 0.01 -0.01)
(0.5425 0.01 -0.01)
(0.545 0.01 -0.01)
(0.5475 0.01 -0.01)
(0.55 0.01 -0.01)
(0.5525 0.01 -0.01)
(0.555 0.01 -0.01)
(0.5575 0.01 -0.01)
(0.56 0.01 -0.01)
(0.5625 0.01 -0.01)
(0.565 0.01 -0.01)
(0.5675 0.01 -0.01)
(0.57 0.01 -0.01)
(0.5725 0.01 -0.01)
(0.575 0.01 -0.01)
(0.5775 0.01 -0.01)
(0.58 0.01 -0.01)
(0.5825 0.01 -0.01)
(0.585 0.01 -0.01)
(0.5875 0.01 -0.01)
(0.59 0.01 -0.01)
(0.5925 0.01 -0.01)
(0.595 0.01 -0.01)
(0.5975 0.01 -0.01)
(0.6 0.01 -0.01)
(0.6025 0.01 -0.01)
(0.605 0.01 -0.01)
(0.6075 0.01 -0.01)
(0.61 0.01 -0.01)
(0.6125 0.01 -0.01)
(0.615 0.01 -0.01)
(0.6175 0.01 -0.01)
(0.62 0.01 -0.01)
(0.6225 0.01 -0.01)
(0.625 0.01 -0.01)
(0.6275 0.01 -0.01)
(0.63 0.01 -0.01)
(0.6325 0.01 -0.01)
(0.635 0.01 -0.01)
(0.6375 0.01 -0.01)
(0.64 0.01 -0.01)
(0.6425 0.01 -0.01)
(0.645 0.01 -0.01)
(0.6475 0.01 -0.01)
(0.65 0.01 -0.01)
(0.6525 0.01 -0.01)
(0.655 0.01 -0.01)
(0.6575 0.01 -0.01)
(0.66 0.01 -0.01)
(0.6625 0.01 -0.01)
(0.665 0.01 -0.01)
(0.6675 0.01 -0.01)
(0.67 0.01 -0.01)
(0.6725 0.01 -0.01)
(0.675 0.01 -0.01)
(0.6775 0.01 -0.01)
(0.68 0.01 -0.01)
(0.6825 0.01 -0.01)
(0.685 0.01 -0.01)
(0.6875 0.01 -0.01)
(0.69 0.01 -0.01)
(0.6925 0.01 -0.01)
(0.695 0.01 -0.01)
(0.6975 0.01 -0.01)
(0.7 0.01 -0.01)
(0.7025 0.01 -0.01)
(0.705 0.01 -0.01)
(0.7075 0.01 -0.01)
(0.71 0.01 -0.01)
(0.7125 0.01 -0.01)
(0.715 0.01 -0.01)
(0.7175 0.01 -0.01)
(0.72 0.01 -0.01)
(0.7225 0.01 -0.01)
(0.725 0.01 -0.01)
(0.7275 0.01 -0.01)
(0.73 0.01 -0.01)
(0.7325 0.01 -0.01)
(0.735 0.01 -0.01)
(0.7375 0.01 -0.01)
(0.74 0.01 -0.01)
(0.7425 0.01 -0.01)
(0.745 0.01 -0.01)
(0.7475 0.01 -0.01)
(0.75 0.01 -0.01)
(0.7525 0.01 -0.01)
(0.755 0.01 -0.01)
(0.7575 0.01 -0.01)
(0.76 0.01 -0.01)
(0.7625 0.01 -0.01)
(0.765 0.01 -0.01)
(0.7675 0.01 -0.01)
(0.77 0.01 -0.01)
(0.7725 0.01 -0.01)
(0.775 0.01 -0.01)
(0.7775 0.01 -0.01)
(0.78 0.01 -0.01)
(0.7825 0.01 -0.01)
(0.785 0.01 -0.01)
(0.7875 0.01 -0.01)
(0.79 0.01 -0.01)
(0.7925 0.01 -0.01)
(0.795 0.01 -0.01)
(0.7975 0.01 -0.01)
(0.8 0.01 -0.01)
(0.8025 0.01 -0.01)
(0.805 0.01 -0.01)
(0.8075 0.01 -0.01)
(0.81 0.01 -0.01)
(0.8125 0.01 -0.01)
(0.815 0.01 -0.01)
(0.8175 0.01 -0.01)
(0.82 0.01 -0.01)
(0.8225 0.01 -0.01)
(0.825 0.01 -0.01)
(0.8275 0.01 -0.01)
(0.83 0.01 -0.01)
(0.8325 0.01 -0.01)
(0.835 0.01 -0.01)
(0.8375 0.01 -0.01)
(0.84 0.01 -0.01)
(0.8425 0.01 -0.01)
(0.845 0.01 -0.01)
(0.8475 0.01 -0.01)
(0.85 0.01 -0.01)
(0.8525 0.01 -0.01)
(0.855 0.01 -0.01)
(0.8575 0.01 -0.01)
(0.86 0.01 -0.01)
(0.8625 0.01 -0.01)
(0.865 0.01 -0.01)
(0.8675 0.01 -0.01)
(0.87 0.01 -0.01)
(0.8725 0.01 -0.01)
(0.875 0.01 -0.01)
(0.8775 0.01 -0.01)
(0.88 0.01 -0.01)
(0.8825 0.01 -0.01)
(0.885 0.01 -0.01)
(0.8875 0.01 -0.01)
(0.89 0.01 -0.01)
(0.8925 0.01 -0.01)
(0.895 0.01 -0.01)
(0.8975 0.01 -0.01)
(0.9 0.01 -0.01)
(0.9025 0.01 -0.01)
(0.905 0.01 -0.01)
(0.9075 0.01 -0.01)
(0.91 0.01 -0.01)
(0.9125 0.01 -0.01)
(0.915 0.01 -0.01)
(0.9175 0.01 -0.01)
(0.92 0.01 -0.01)
(0.9225 0.01 -0.01)
(0.925 0.01 -0.01)
(0.9275 0.01 -0.01)
(0.93 0.01 -0.01)
(0.9325 0.01 -0.01)
(0.935 0.01 -0.01)
(0.9375 0.01 -0.01)
(0.94 0.01 -0.01)
(0.9425 0.01 -0.01)
(0.945 0.01 -0.01)
(0.9475 0.01 -0.01)
(0.95 0.01 -0.01)
(0.9525 0.01 -0.01)
(0.955 0.01 -0.01)
(0.9575 0.01 -0.01)
(0.96 0.01 -0.01)
(0.9625 0.01 -0.01)
(0.965 0.01 -0.01)
(0.9675 0.01 -0.01)
(0.97 0.01 -0.01)
(0.9725 0.01 -0.01)
(0.975 0.01 -0.01)
(0.9775 0.01 -0.01)
(0.98 0.01 -0.01)
(0.9825 0.01 -0.01)
(0.985 0.01 -0.01)
(0.9875 0.01 -0.01)
(0.99 0.01 -0.01)
(0.9925 0.01 -0.01)
(0.995 0.01 -0.01)
(0.9975 0.01 -0.01)
(1 0.01 -0.01)
(0 -0.01 0.01)
(0.0025 -0.01 0.01)
(0.005 -0.01 0.01)
(0.0075 -0.01 0.01)
(0.01 -0.01 0.01)
(0.0125 -0.01 0.01)
(0.015 -0.01 0.01)
(0.0175 -0.01 0.01)
(0.02 -0.01 0.01)
(0.0225 -0.01 0.01)
(0.025 -0.01 0.01)
(0.0275 -0.01 0.01)
(0.03 -0.01 0.01)
(0.0325 -0.01 0.01)
(0.035 -0.01 0.01)
(0.0375 -0.01 0.01)
(0.04 -0.01 0.01)
(0.0425 -0.01 0.01)
(0.045 -0.01 0.01)
(0.0475 -0.01 0.01)
(0.05 -0.01 0.01)
(0.0525 -0.01 0.01)
(0.055 -0.01 0.01)
(0.0575 -0.01 0.01)
(0.06 -0.01 0.01)
(0.0625 -0.01 0.01)
(0.065 -0.01 0.01)
(0.0675 -0.01 0.01)
(0.07 -0.01 0.01)
(0.0725 -0.01 0.01)
(0.075 -0.01 0.01)
(0.0775 -0.01 0.01)
(0.08 -0.01 0.01)
(0.0825 -0.01 0.01)
(0.085 -0.01 0.01)
(0.0875 -0.01 0.01)
(0.09 -0.01 0.01)
(0.0925 -0.01 0.01)
(0.095 -0.01 0.01)
(0.0975 -0.01 0.01)
(0.1 -0.01 0.01)
(0.1025 -0.01 0.01)
(0.105 -0.01 0.01)
(0.1075 -0.01 0.01)
(0.11 -0.01 0.01)
(0.1125 -0.01 0.01)
(0.115 -0.01 0.01)
(0.1175 -0.01 0.01)
(0.12 -0.01 0.01)
(0.1225 -0.01 0.01)
(0.125 -0.01 0.01)
(0.1275 -0.01 0.01)
(0.13 -0.01 0.01)
(0.1325 -0.01 0.01)
(0.135 -0.01 0.01)
(0.1375 -0.01 0.01)
(0.14 -0.01 0.01)
(0.1425 -0.01 0.01)
(0.145 -0.01 0.01)
(0.1475 -0.01 0.01)
(0.15 -0.01 0.01)
(0.1525 -0.01 0.01)
(0.155 -0.01 0.01)
(0.1575 -0.01 0.01)
(0.16 -0.01 0.01)
(0.1625 -0.01 0.01)
(0.165 -0.01 0.01)
(0.1675 -0.01 0.01)
(0.17 -0.01 0.01)
(0.1725 -0.01 0.01)
(0.175 -0.01 0.01)
(0.1775 -0.01 0.01)
(0.18 -0.01 0.01)
(0.1825 -0.01 0.01)
(0.185 -0.01 0.01)
(0.1875 -0.01 0.01)
(0.19 -0.01 0.01)
(0.1925 -0.01 0.01)
(0.195 -0.01 0.01)
(0.1975 -0.01 0.01)
(0.2 -0.01 0.01)
(0.2025 -0.01 0.01)
(0.205 -0.01 0.01)
(0.2075 -0.01 0.01)
(0.21 -0.01 0.01)
(0.2125 -0.01 0.01)
(0.215 -0.01 0.01)
(0.2175 -0.01 0.01)
(0.22 -0.01 0.01)
(0.2225 -0.01 0.01)
(0.225 -0.01 0.01)
(0.2275 -0.01 0.01)
(0.23 -0.01 0.01)
(0.2325 -0.01 0.01)
(0.235 -0.01 0.01)
(0.2375 -0.01 0.01)
(0.24 -0.01 0.01)
(0.2425 -0.01 0.01)
(0.245 -0.01 0.01)
(0.2475 -0.01 0.01)
(0.25 -0.01 0.01)
(0.2525 -0.01 0.01)
(0.255 -0.01 0.01)
(0.2575 -0.01 0.01)
(0.26 -0.01 0.01)
(0.2625 -0.01 0.01)
(0.265 -0.01 0.01)
(0.2675 -0.01 0.01)
(0.27 -0.01 0.01)
(0.2725 -0.01 0.01)
(0.275 -0.01 0.01)
(0.2775 -0.01 0.01)
(0.28 -0.01 0.01)
(0.2825 -0.01 0.01)
(0.285 -0.01 0.01)
(0.2875 -0.01 0.01)
(0.29 -0.01 0.01)
(0.2925 -0.01 0.01)
(0.295 -0.01 0.01)
(0.2975 -0.01 0.01)
(0.3 -0.01 0.01)
(0.3025 -0.01 0.01)
(0.305 -0.01 0.01)
(0.3075 -0.01 0.01)
(0.31 -0.01 0.01)
(0.3125 -0.01 0.01)
(0.315 -0.01 0.01)
(0.3175 -0.01 0.01)
(0.32 -0.01 0.01)
(0.3225 -0.01 0.01)
(0.325 -0.01 0.01)
(0.3275 -0.01 0.01)
(0.33 -0.01 0.01)
(0.3325 -0.01 0.01)
(0.335 -0.01 0.01)
(0.3375 -0.01 0.01)
(0.34 -0.01 0.01)
(0.3425 -0.01 0.01)
(0.345 -0.01 0.01)
(0.3475 -0.01 0.01)
(0.35 -0.01 0.01)
(0.3525 -0.01 0.01)
(0.355 -0.01 0.01)
(0.3575 -0.01 0.01)
(0.36 -0.01 0.01)
(0.3625 -0.01 0.01)
(0.365 -0.01 0.01)
(0.3675 -0.01 0.01)
(0.37 -0.01 0.01)
(0.3725 -0.01 0.01)
(0.375 -0.01 0.01)
(0.3775 -0.01 0.01)
(0.38 -0.01 0.01)
(0.3825 -0.01 0.01)
(0.385 -0.01 0.01)
(0.3875 -0.01 0.01)
(0.39 -0.01 0.01)
(0.3925 -0.01 0.01)
(0.395 -0.01 0.01)
(0.3975 -0.01 0.01)
(0.4 -0.01 0.01)
(0.4025 -0.01 0.01)
(0.405 -0.01 0.01)
(0.4075 -0.01 0.01)
(0.41 -0.01 0.01)
(0.4125 -0.01 0.01)
(0.415 -0.01 0.01)
(0.4175 -0.01 0.01)
(0.42 -0.01 0.01)
(0.4225 -0.01 0.01)
(0.425 -0.01 0.01)
(0.4275 -0.01 0.01)
(0.43 -0.01 0.01)
(0.4325 -0.01 0.01)
(0.435 -0.01 0.01)
(0.4375 -0.01 0.01)
(0.44 -0.01 0.01)
(0.4425 -0.01 0.01)
(0.445 -0.01 0.01)
(0.4475 -0.01 0.01)
(0.45 -0.01 0.01)
(0.4525 -0.01 0.01)
(0.455 -0.01 0.01)
(0.4575 -0.01 0.01)
(0.46 -0.01 0.01)
(0.4625 -0.01 0.01)
(0.465 -0.01 0.01)
(0.4675 -0.01 0.01)
(0.47 -0.01 0.01)
(0.4725 -0.01 0.01)
(0.475 -0.01 0.01)
(0.4775 -0.01 0.01)
(0.48 -0.01 0.01)
(0.4825 -0.01 0.01)
(0.485 -0.01 0.01)
(0.4875 -0.01 0.01)
(0.49 -0.01 0.01)
(0.4925 -0.01 0.01)
(0.495 -0.01 0.01)
(0.4975 -0.01 0.01)
(0.5 -0.01 0.01)
(0.5025 -0.01 0.01)
(0.505 -0.01 0.01)
(0.5075 -0.01 0.01)
(0.51 -0.01 0.01)
(0.5125 -0.01 0.01)
(0.515 -0.01 0.01)
(0.5175 -0.01 0.01)
(0.52 -0.01 0.01)
(0.5225 -0.01 0.01)
(0.525 -0.01 0.01)
(0.5275 -0.01 0.01)
(0.53 -0.01 0.01)
(0.5325 -0.01 0.01)
(0.535 -0.01 0.01)
(0.5375 -0.01 0.01)
(0.54 -0.01 0.01)
(0.5425 -0.01 0.01)
(0.545 -0.01 0.01)
(0.5475 -0.01 0.01)
(0.55 -0.01 0.01)
(0.5525 -0.01 0.01)
(0.555 -0.01 0.01)
(0.5575 -0.01 0.01)
(0.56 -0.01 0.01)
(0.5625 -0.01 0.01)
(0.565 -0.01 0.01)
(0.5675 -0.01 0.01)
(0.57 -0.01 0.01)
(0.5725 -0.01 0.01)
(0.575 -0.01 0.01)
(0.5775 -0.01 0.01)
(0.58 -0.01 0.01)
(0.5825 -0.01 0.01)
(0.585 -0.01 0.01)
(0.5875 -0.01 0.01)
(0.59 -0.01 0.01)
(0.5925 -0.01 0.01)
(0.595 -0.01 0.01)
(0.5975 -0.01 0.01)
(0.6 -0.01 0.01)
(0.6025 -0.01 0.01)
(0.605 -0.01 0.01)
(0.6075 -0.01 0.01)
(0.61 -0.01 0.01)
(0.6125 -0.01 0.01)
(0.615 -0.01 0.01)
(0.6175 -0.01 0.01)
(0.62 -0.01 0.01)
(0.6225 -0.01 0.01)
(0.625 -0.01 0.01)
(0.6275 -0.01 0.01)
(0.63 -0.01 0.01)
(0.6325 -0.01 0.01)
(0.635 -0.01 0.01)
(0.6375 -0.01 0.01)
(0.64 -0.01 0.01)
(0.6425 -0.01 0.01)
(0.645 -0.01 0.01)
(0.6475 -0.01 0.01)
(0.65 -0.01 0.01)
(0.6525 -0.01 0.01)
(0.655 -0.01 0.01)
(0.6575 -0.01 0.01)
(0.66 -0.01 0.01)
(0.6625 -0.01 0.01)
(0.665 -0.01 0.01)
(0.6675 -0.01 0.01)
(0.67 -0.01 0.01)
(0.6725 -0.01 0.01)
(0.675 -0.01 0.01)
(0.6775 -0.01 0.01)
(0.68 -0.01 0.01)
(0.6825 -0.01 0.01)
(0.685 -0.01 0.01)
(0.6875 -0.01 0.01)
(0.69 -0.01 0.01)
(0.6925 -0.01 0.01)
(0.695 -0.01 0.01)
(0.6975 -0.01 0.01)
(0.7 -0.01 0.01)
(0.7025 -0.01 0.01)
(0.705 -0.01 0.01)
(0.7075 -0.01 0.01)
(0.71 -0.01 0.01)
(0.7125 -0.01 0.01)
(0.715 -0.01 0.01)
(0.7175 -0.01 0.01)
(0.72 -0.01 0.01)
(0.7225 -0.01 0.01)
(0.725 -0.01 0.01)
(0.7275 -0.01 0.01)
(0.73 -0.01 0.01)
(0.7325 -0.01 0.01)
(0.735 -0.01 0.01)
(0.7375 -0.01 0.01)
(0.74 -0.01 0.01)
(0.7425 -0.01 0.01)
(0.745 -0.01 0.01)
(0.7475 -0.01 0.01)
(0.75 -0.01 0.01)
(0.7525 -0.01 0.01)
(0.755 -0.01 0.01)
(0.7575 -0.01 0.01)
(0.76 -0.01 0.01)
(0.7625 -0.01 0.01)
(0.765 -0.01 0.01)
(0.7675 -0.01 0.01)
(0.77 -0.01 0.01)
(0.7725 -0.01 0.01)
(0.775 -0.01 0.01)
(0.7775 -0.01 0.01)
(0.78 -0.01 0.01)
(0.7825 -0.01 0.01)
(0.785 -0.01 0.01)
(0.7875 -0.01 0.01)
(0.79 -0.01 0.01)
(0.7925 -0.01 0.01)
(0.795 -0.01 0.01)
(0.7975 -0.01 0.01)
(0.8 -0.01 0.01)
(0.8025 -0.01 0.01)
(0.805 -0.01 0.01)
(0.8075 -0.01 0.01)
(0.81 -0.01 0.01)
(0.8125 -0.01 0.01)
(0.815 -0.01 0.01)
(0.8175 -0.01 0.01)
(0.82 -0.01 0.01)
(0.8225 -0.01 0.01)
(0.825 -0.01 0.01)
(0.8275 -0.01 0.01)
(0.83 -0.01 0.01)
(0.8325 -0.01 0.01)
(0.835 -0.01 0.01)
(0.8375 -0.01 0.01)
(0.84 -0.01 0.01)
(0.8425 -0.01 0.01)
(0.845 -0.01 0.01)
(0.8475 -0.01 0.01)
(0.85 -0.01 0.01)
(0.8525 -0.01 0.01)
(0.855 -0.01 0.01)
(0.8575 -0.01 0.01)
(0.86 -0.01 0.01)
(0.8625 -0.01 0.01)
(0.865 -0.01 0.01)
(0.8675 -0.01 0.01)
(0.87 -0.01 0.01)
(0.8725 -0.01 0.01)
(0.875 -0.01 0.01)
(0.8775 -0.01 0.01)
(0.88 -0.01 0.01)
(0.8825 -0.01 0.01)
(0.885 -0.01 0.01)
(0.8875 -0.01 0.01)
(0.89 -0.01 0.01)
(0.8925 -0.01 0.01)
(0.895 -0.01 0.01)
(0.8975 -0.01 0.01)
(0.9 -0.01 0.01)
(0.9025 -0.01 0.01)
(0.905 -0.01 0.01)
(0.9075 -0.01 0.01)
(0.91 -0.01 0.01)
(0.9125 -0.01 0.01)
(0.915 -0.01 0.01)
(0.9175 -0.01 0.01)
(0.92 -0.01 0.01)
(0.9225 -0.01 0.01)
(0.925 -0.01 0.01)
(0.9275 -0.01 0.01)
(0.93 -0.01 0.01)
(0.9325 -0.01 0.01)
(0.935 -0.01 0.01)
(0.9375 -0.01 0.01)
(0.94 -0.01 0.01)
(0.9425 -0.01 0.01)
(0.945 -0.01 0.01)
(0.9475 -0.01 0.01)
(0.95 -0.01 0.01)
(0.9525 -0.01 0.01)
(0.955 -0.01 0.01)
(0.9575 -0.01 0.01)
(0.96 -0.01 0.01)
(0.9625 -0.01 0.01)
(0.965 -0.01 0.01)
(0.9675 -0.01 0.01)
(0.97 -0.01 0.01)
(0.9725 -0.01 0.01)
(0.975 -0.01 0.01)
(0.9775 -0.01 0.01)
(0.98 -0.01 0.01)
(0.9825 -0.01 0.01)
(0.985 -0.01 0.01)
(0.9875 -0.01 0.01)
(0.99 -0.01 0.01)
(0.9925 -0.01 0.01)
(0.995 -0.01 0.01)
(0.9975 -0.01 0.01)
(1 -0.01 0.01)
(0 0.01 0.01)
(0.0025 0.01 0.01)
(0.005 0.01 0.01)
(0.0075 0.01 0.01)
(0.01 0.01 0.01)
(0.0125 0.01 0.01)
(0.015 0.01 0.01)
(0.0175 0.01 0.01)
(0.02 0.01 0.01)
(0.0225 0.01 0.01)
(0.025 0.01 0.01)
(0.0275 0.01 0.01)
(0.03 0.01 0.01)
(0.0325 0.01 0.01)
(0.035 0.01 0.01)
(0.0375 0.01 0.01)
(0.04 0.01 0.01)
(0.0425 0.01 0.01)
(0.045 0.01 0.01)
(0.0475 0.01 0.01)
(0.05 0.01 0.01)
(0.0525 0.01 0.01)
(0.055 0.01 0.01)
(0.0575 0.01 0.01)
(0.06 0.01 0.01)
(0.0625 0.01 0.01)
(0.065 0.01 0.01)
(0.0675 0.01 0.01)
(0.07 0.01 0.01)
(0.0725 0.01 0.01)
(0.075 0.01 0.01)
(0.0775 0.01 0.01)
(0.08 0.01 0.01)
(0.0825 0.01 0.01)
(0.085 0.01 0.01)
(0.0875 0.01 0.01)
(0.09 0.01 0.01)
(0.0925 0.01 0.01)
(0.095 0.01 0.01)
(0.0975 0.01 0.01)
(0.1 0.01 0.01)
(0.1025 0.01 0.01)
(0.105 0.01 0.01)
(0.1075 0.01 0.01)
(0.11 0.01 0.01)
(0.1125 0.01 0.01)
(0.115 0.01 0.01)
(0.1175 0.01 0.01)
(0.12 0.01 0.01)
(0.1225 0.01 0.01)
(0.125 0.01 0.01)
(0.1275 0.01 0.01)
(0.13 0.01 0.01)
(0.1325 0.01 0.01)
(0.135 0.01 0.01)
(0.1375 0.01 0.01)
(0.14 0.01 0.01)
(0.1425 0.01 0.01)
(0.145 0.01 0.01)
(0.1475 0.01 0.01)
(0.15 0.01 0.01)
(0.1525 0.01 0.01)
(0.155 0.01 0.01)
(0.1575 0.01 0.01)
(0.16 0.01 0.01)
(0.1625 0.01 0.01)
(0.165 0.01 0.01)
(0.1675 0.01 0.01)
(0.17 0.01 0.01)
(0.1725 0.01 0.01)
(0.175 0.01 0.01)
(0.1775 0.01 0.01)
(0.18 0.01 0.01)
(0.1825 0.01 0.01)
(0.185 0.01 0.01)
(0.1875 0.01 0.01)
(0.19 0.01 0.01)
(0.1925 0.01 0.01)
(0.195 0.01 0.01)
(0.1975 0.01 0.01)
(0.2 0.01 0.01)
(0.2025 0.01 0.01)
(0.205 0.01 0.01)
(0.2075 0.01 0.01)
(0.21 0.01 0.01)
(0.2125 0.01 0.01)
(0.215 0.01 0.01)
(0.2175 0.01 0.01)
(0.22 0.01 0.01)
(0.2225 0.01 0.01)
(0.225 0.01 0.01)
(0.2275 0.01 0.01)
(0.23 0.01 0.01)
(0.2325 0.01 0.01)
(0.235 0.01 0.01)
(0.2375 0.01 0.01)
(0.24 0.01 0.01)
(0.2425 0.01 0.01)
(0.245 0.01 0.01)
(0.2475 0.01 0.01)
(0.25 0.01 0.01)
(0.2525 0.01 0.01)
(0.255 0.01 0.01)
(0.2575 0.01 0.01)
(0.26 0.01 0.01)
(0.2625 0.01 0.01)
(0.265 0.01 0.01)
(0.2675 0.01 0.01)
(0.27 0.01 0.01)
(0.2725 0.01 0.01)
(0.275 0.01 0.01)
(0.2775 0.01 0.01)
(0.28 0.01 0.01)
(0.2825 0.01 0.01)
(0.285 0.01 0.01)
(0.2875 0.01 0.01)
(0.29 0.01 0.01)
(0.2925 0.01 0.01)
(0.295 0.01 0.01)
(0.2975 0.01 0.01)
(0.3 0.01 0.01)
(0.3025 0.01 0.01)
(0.305 0.01 0.01)
(0.3075 0.01 0.01)
(0.31 0.01 0.01)
(0.3125 0.01 0.01)
(0.315 0.01 0.01)
(0.3175 0.01 0.01)
(0.32 0.01 0.01)
(0.3225 0.01 0.01)
(0.325 0.01 0.01)
(0.3275 0.01 0.01)
(0.33 0.01 0.01)
(0.3325 0.01 0.01)
(0.335 0.01 0.01)
(0.3375 0.01 0.01)
(0.34 0.01 0.01)
(0.3425 0.01 0.01)
(0.345 0.01 0.01)
(0.3475 0.01 0.01)
(0.35 0.01 0.01)
(0.3525 0.01 0.01)
(0.355 0.01 0.01)
(0.3575 0.01 0.01)
(0.36 0.01 0.01)
(0.3625 0.01 0.01)
(0.365 0.01 0.01)
(0.3675 0.01 0.01)
(0.37 0.01 0.01)
(0.3725 0.01 0.01)
(0.375 0.01 0.01)
(0.3775 0.01 0.01)
(0.38 0.01 0.01)
(0.3825 0.01 0.01)
(0.385 0.01 0.01)
(0.3875 0.01 0.01)
(0.39 0.01 0.01)
(0.3925 0.01 0.01)
(0.395 0.01 0.01)
(0.3975 0.01 0.01)
(0.4 0.01 0.01)
(0.4025 0.01 0.01)
(0.405 0.01 0.01)
(0.4075 0.01 0.01)
(0.41 0.01 0.01)
(0.4125 0.01 0.01)
(0.415 0.01 0.01)
(0.4175 0.01 0.01)
(0.42 0.01 0.01)
(0.4225 0.01 0.01)
(0.425 0.01 0.01)
(0.4275 0.01 0.01)
(0.43 0.01 0.01)
(0.4325 0.01 0.01)
(0.435 0.01 0.01)
(0.4375 0.01 0.01)
(0.44 0.01 0.01)
(0.4425 0.01 0.01)
(0.445 0.01 0.01)
(0.4475 0.01 0.01)
(0.45 0.01 0.01)
(0.4525 0.01 0.01)
(0.455 0.01 0.01)
(0.4575 0.01 0.01)
(0.46 0.01 0.01)
(0.4625 0.01 0.01)
(0.465 0.01 0.01)
(0.4675 0.01 0.01)
(0.47 0.01 0.01)
(0.4725 0.01 0.01)
(0.475 0.01 0.01)
(0.4775 0.01 0.01)
(0.48 0.01 0.01)
(0.4825 0.01 0.01)
(0.485 0.01 0.01)
(0.4875 0.01 0.01)
(0.49 0.01 0.01)
(0.4925 0.01 0.01)
(0.495 0.01 0.01)
(0.4975 0.01 0.01)
(0.5 0.01 0.01)
(0.5025 0.01 0.01)
(0.505 0.01 0.01)
(0.5075 0.01 0.01)
(0.51 0.01 0.01)
(0.5125 0.01 0.01)
(0.515 0.01 0.01)
(0.5175 0.01 0.01)
(0.52 0.01 0.01)
(0.5225 0.01 0.01)
(0.525 0.01 0.01)
(0.5275 0.01 0.01)
(0.53 0.01 0.01)
(0.5325 0.01 0.01)
(0.535 0.01 0.01)
(0.5375 0.01 0.01)
(0.54 0.01 0.01)
(0.5425 0.01 0.01)
(0.545 0.01 0.01)
(0.5475 0.01 0.01)
(0.55 0.01 0.01)
(0.5525 0.01 0.01)
(0.555 0.01 0.01)
(0.5575 0.01 0.01)
(0.56 0.01 0.01)
(0.5625 0.01 0.01)
(0.565 0.01 0.01)
(0.5675 0.01 0.01)
(0.57 0.01 0.01)
(0.5725 0.01 0.01)
(0.575 0.01 0.01)
(0.5775 0.01 0.01)
(0.58 0.01 0.01)
(0.5825 0.01 0.01)
(0.585 0.01 0.01)
(0.5875 0.01 0.01)
(0.59 0.01 0.01)
(0.5925 0.01 0.01)
(0.595 0.01 0.01)
(0.5975 0.01 0.01)
(0.6 0.01 0.01)
(0.6025 0.01 0.01)
(0.605 0.01 0.01)
(0.6075 0.01 0.01)
(0.61 0.01 0.01)
(0.6125 0.01 0.01)
(0.615 0.01 0.01)
(0.6175 0.01 0.01)
(0.62 0.01 0.01)
(0.6225 0.01 0.01)
(0.625 0.01 0.01)
(0.6275 0.01 0.01)
(0.63 0.01 0.01)
(0.6325 0.01 0.01)
(0.635 0.01 0.01)
(0.6375 0.01 0.01)
(0.64 0.01 0.01)
(0.6425 0.01 0.01)
(0.645 0.01 0.01)
(0.6475 0.01 0.01)
(0.65 0.01 0.01)
(0.6525 0.01 0.01)
(0.655 0.01 0.01)
(0.6575 0.01 0.01)
(0.66 0.01 0.01)
(0.6625 0.01 0.01)
(0.665 0.01 0.01)
(0.6675 0.01 0.01)
(0.67 0.01 0.01)
(0.6725 0.01 0.01)
(0.675 0.01 0.01)
(0.6775 0.01 0.01)
(0.68 0.01 0.01)
(0.6825 0.01 0.01)
(0.685 0.01 0.01)
(0.6875 0.01 0.01)
(0.69 0.01 0.01)
(0.6925 0.01 0.01)
(0.695 0.01 0.01)
(0.6975 0.01 0.01)
(0.7 0.01 0.01)
(0.7025 0.01 0.01)
(0.705 0.01 0.01)
(0.7075 0.01 0.01)
(0.71 0.01 0.01)
(0.7125 0.01 0.01)
(0.715 0.01 0.01)
(0.7175 0.01 0.01)
(0.72 0.01 0.01)
(0.7225 0.01 0.01)
(0.725 0.01 0.01)
(0.7275 0.01 0.01)
(0.73 0.01 0.01)
(0.7325 0.01 0.01)
(0.735 0.01 0.01)
(0.7375 0.01 0.01)
(0.74 0.01 0.01)
(0.7425 0.01 0.01)
(0.745 0.01 0.01)
(0.7475 0.01 0.01)
(0.75 0.01 0.01)
(0.7525 0.01 0.01)
(0.755 0.01 0.01)
(0.7575 0.01 0.01)
(0.76 0.01 0.01)
(0.7625 0.01 0.01)
(0.765 0.01 0.01)
(0.7675 0.01 0.01)
(0.77 0.01 0.01)
(0.7725 0.01 0.01)
(0.775 0.01 0.01)
(0.7775 0.01 0.01)
(0.78 0.01 0.01)
(0.7825 0.01 0.01)
(0.785 0.01 0.01)
(0.7875 0.01 0.01)
(0.79 0.01 0.01)
(0.7925 0.01 0.01)
(0.795 0.01 0.01)
(0.7975 0.01 0.01)
(0.8 0.01 0.01)
(0.8025 0.01 0.01)
(0.805 0.01 0.01)
(0.8075 0.01 0.01)
(0.81 0.01 0.01)
(0.8125 0.01 0.01)
(0.815 0.01 0.01)
(0.8175 0.01 0.01)
(0.82 0.01 0.01)
(0.8225 0.01 0.01)
(0.825 0.01 0.01)
(0.8275 0.01 0.01)
(0.83 0.01 0.01)
(0.8325 0.01 0.01)
(0.835 0.01 0.01)
(0.8375 0.01 0.01)
(0.84 0.01 0.01)
(0.8425 0.01 0.01)
(0.845 0.01 0.01)
(0.8475 0.01 0.01)
(0.85 0.01 0.01)
(0.8525 0.01 0.01)
(0.855 0.01 0.01)
(0.8575 0.01 0.01)
(0.86 0.01 0.01)
(0.8625 0.01 0.01)
(0.865 0.01 0.01)
(0.8675 0.01 0.01)
(0.87 0.01 0.01)
(0.8725 0.01 0.01)
(0.875 0.01 0.01)
(0.8775 0.01 0.01)
(0.88 0.01 0.01)
(0.8825 0.01 0.01)
(0.885 0.01 0.01)
(0.8875 0.01 0.01)
(0.89 0.01 0.01)
(0.8925 0.01 0.01)
(0.895 0.01 0.01)
(0.8975 0.01 0.01)
(0.9 0.01 0.01)
(0.9025 0.01 0.01)
(0.905 0.01 0.01)
(0.9075 0.01 0.01)
(0.91 0.01 0.01)
(0.9125 0.01 0.01)
(0.915 0.01 0.01)
(0.9175 0.01 0.01)
(0.92 0.01 0.01)
(0.9225 0.01 0.01)
(0.925 0.01 0.01)
(0.9275 0.01 0.01)
(0.93 0.01 0.01)
(0.9325 0.01 0.01)
(0.935 0.01 0.01)
(0.9375 0.01 0.01)
(0.94 0.01 0.01)
(0.9425 0.01 0.01)
(0.945 0.01 0.01)
(0.9475 0.01 0.01)
(0.95 0.01 0.01)
(0.9525 0.01 0.01)
(0.955 0.01 0.01)
(0.9575 0.01 0.01)
(0.96 0.01 0.01)
(0.9625 0.01 0.01)
(0.965 0.01 0.01)
(0.9675 0.01 0.01)
(0.97 0.01 0.01)
(0.9725 0.01 0.01)
(0.975 0.01 0.01)
(0.9775 0.01 0.01)
(0.98 0.01 0.01)
(0.9825 0.01 0.01)
(0.985 0.01 0.01)
(0.9875 0.01 0.01)
(0.99 0.01 0.01)
(0.9925 0.01 0.01)
(0.995 0.01 0.01)
(0.9975 0.01 0.01)
(1 0.01 0.01)
)


// ************************************************************************* //
